
	[23,1,2,11,24,22,19,6,10,7,25,20,5,8,18,12,13,14,15,16,17,21,3,4,9]

	[23,1,2,11,24,22,19,6,7,10,25,20,5,8,18,12,13,14,15,16,17,21,3,4,9]

	[23,1,2,22,24,11,19,6,7,10,25,20,5,8,18,12,13,14,15,16,17,21,3,4,9]

	[23,22,2,1,24,11,19,6,7,10,25,20,5,8,18,12,13,14,15,16,17,21,3,4,9]

	[23,22,2,1,24,11,19,6,7,10,25,8,5,20,18,12,13,14,15,16,17,21,3,4,9]

	[23,22,2,1,24,11,19,6,7,8,25,10,5,20,18,12,13,14,15,16,17,21,3,4,9]

	[1,2,22,23,24,11,19,6,7,8,25,10,5,20,18,12,13,14,15,16,17,21,3,4,9]

	[1,2,22,23,24,25,8,7,6,19,11,10,5,20,18,12,13,14,15,16,17,21,3,4,9]

	[1,2,22,23,24,25,8,7,6,19,18,20,5,10,11,12,13,14,15,16,17,21,3,4,9]

	[1,2,22,23,24,25,8,7,6,19,18,17,16,15,14,13,12,11,10,5,20,21,3,4,9]

	[1,2,22,23,24,25,8,7,6,5,10,11,12,13,14,15,16,17,18,19,20,21,3,4,9]

	[1,2,22,23,24,25,8,7,6,5,4,3,21,20,19,18,17,16,15,14,13,12,11,10,9]

	[1,2,3,4,5,6,7,8,25,24,23,22,21,20,19,18,17,16,15,14,13,12,11,10,9]

	[1,2,3,4,5,6,7,8,9,10,11,12,13,14,15,16,17,18,19,20,21,22,23,24,25]