#0 Original: 7,4,10,6,22,12,5,16,19,2,3,17,18,25,13,14,23,21,1,20,8,9,24,11,15,,21
#1 Original: 17,15,16,3,18,23,21,12,20,8,9,22,7,14,13,1,24,19,5,2,10,25,6,11,4,,21
#2 Original: 12,1,10,11,18,5,22,25,21,17,6,14,16,19,2,7,4,20,3,23,9,15,8,24,13,,22
#3 Original: 9,13,23,20,5,19,18,15,8,4,14,1,22,7,16,11,17,12,6,2,24,3,21,10,25,,20
#4 Original: 14,20,2,21,9,15,3,11,24,7,4,17,8,19,5,25,22,10,16,13,12,23,1,18,6,,23
#5 Original: 3,10,2,11,19,25,1,17,7,8,23,18,16,13,5,12,15,6,22,24,21,4,9,14,20,,19
#6 Original: 15,14,13,10,1,9,6,4,20,8,7,23,21,24,17,3,11,18,25,12,22,2,19,5,16,,23
#7 Original: 22,20,5,24,4,23,15,8,21,17,16,10,14,7,6,1,25,11,13,2,19,18,12,9,3,,20
#8 Original: 14,9,6,3,19,8,25,21,5,2,11,12,13,15,20,24,1,10,16,18,22,17,23,7,4,,23
#9 Original: 6,7,25,22,3,10,1,24,11,5,2,13,20,21,8,4,9,12,23,16,18,19,14,15,17,,18
#10 Original: 6,1,15,3,22,8,12,5,20,2,24,7,21,23,14,11,19,25,4,16,9,13,17,10,18,,23
#11 Original: 1,9,18,25,20,15,4,7,14,3,21,12,22,16,23,17,10,5,6,8,13,2,24,19,11,,20
#12 Original: 21,5,11,13,1,7,15,19,23,9,17,16,25,14,3,22,12,2,6,8,4,18,20,10,24,,23
#13 Original: 10,4,18,6,12,8,22,14,25,5,15,9,21,24,17,7,13,11,3,19,16,1,2,20,23,,22
#14 Original: 23,15,17,4,1,25,12,5,13,8,3,10,7,16,22,9,24,21,6,19,14,11,20,18,2,,22
#15 Original: 24,22,19,1,6,2,10,16,8,12,21,18,23,14,7,3,9,17,13,5,15,20,4,25,11,,22
#16 Original: 4,14,10,1,5,8,21,12,16,7,24,13,17,3,19,22,25,2,9,11,6,20,23,15,18,,21
#17 Original: 3,7,21,18,14,4,12,10,6,22,1,25,16,11,5,9,15,2,13,17,23,24,19,8,20,,21
#18 Original: 3,16,12,10,24,9,5,17,23,25,14,13,4,1,21,19,15,18,2,7,11,6,8,22,20,,22
#19 Original: 6,25,23,2,3,16,24,18,1,21,14,5,15,17,9,19,20,13,4,22,7,8,12,10,11,,21
#20 Original: 15,25,19,8,18,6,21,1,3,5,4,2,24,14,7,17,12,16,13,10,20,11,23,9,22,,23
#21 Original: 22,6,20,15,16,2,18,11,17,12,25,8,3,7,10,9,1,24,21,5,14,4,19,13,23,,24
#22 Original: 17,16,15,24,4,11,5,9,13,2,10,18,23,12,19,14,8,20,1,6,21,25,3,7,22,,22
#23 Original: 20,21,8,24,9,5,6,23,17,18,7,16,10,14,12,13,4,15,22,25,1,2,11,19,3,,20
#24 Original: 17,18,2,11,9,3,6,13,7,24,21,8,4,16,12,23,25,1,22,15,10,14,5,19,20,,21
#25 Original: 21,24,5,1,17,13,10,15,8,23,6,22,2,18,25,16,9,14,19,12,3,7,20,4,11,,20
#26 Original: 17,8,14,1,11,10,16,19,18,13,25,6,3,15,22,5,7,9,2,20,4,21,12,24,23,,22
#27 Original: 1,21,24,11,14,4,6,2,5,20,17,10,23,15,12,3,25,18,19,13,8,9,22,16,7,,20
#28 Original: 3,19,14,6,16,9,22,25,23,8,4,1,17,18,21,13,2,24,10,11,15,5,12,20,7,,20
#29 Original: 8,10,7,14,6,23,4,2,15,9,25,17,19,22,16,5,11,18,24,20,21,3,12,1,13,,21
#30 Original: 2,13,8,14,4,7,10,15,22,20,16,9,25,1,3,21,19,17,5,6,12,18,23,24,11,,21
#31 Original: 18,8,6,11,16,1,7,9,14,3,24,21,10,5,19,12,23,2,15,17,25,4,22,13,20,,20
#32 Original: 18,14,13,25,1,7,8,3,5,11,23,22,17,4,10,12,2,15,19,6,21,20,24,9,16,,20
#33 Original: 9,7,12,23,5,15,25,24,10,20,19,21,6,8,22,3,17,13,4,11,16,2,1,14,18,,21
#34 Original: 8,2,7,20,14,1,18,15,10,23,25,4,12,21,11,13,3,6,24,16,5,22,19,9,17,,21
#35 Original: 9,15,1,24,17,7,22,19,20,6,11,16,12,23,25,5,21,18,10,14,3,2,13,4,8,,20
#36 Original: 7,9,14,19,5,2,6,3,25,1,11,12,24,16,22,4,13,23,20,18,17,21,15,10,8,,20
#37 Original: 6,12,16,25,14,5,11,13,24,9,23,7,18,20,4,19,1,2,21,10,22,8,3,17,15,,23
#38 Original: 22,14,15,23,18,24,12,7,13,4,25,19,1,21,11,8,9,17,20,16,6,2,3,10,5,,23
#39 Original: 15,3,4,18,20,12,9,24,2,17,14,22,10,16,23,13,25,7,1,19,11,5,21,6,8,,21
#40 Original: 8,10,25,14,4,9,3,11,1,20,18,2,21,15,7,24,6,12,5,17,22,19,13,16,23,,24
#41 Original: 22,10,12,25,18,5,1,20,4,15,23,3,9,13,19,11,8,17,14,24,16,21,2,7,6,,22
#42 Original: 20,25,15,6,9,10,17,1,13,4,11,24,19,14,21,8,3,22,5,18,16,2,12,23,7,,21
#43 Original: 6,20,13,5,23,10,18,25,14,24,9,1,2,7,3,19,4,17,21,15,22,8,11,12,16,,22
#44 Original: 6,8,1,23,22,24,21,11,9,18,19,16,14,25,13,2,20,4,12,7,3,5,10,17,15,,19
#45 Original: 14,2,25,22,23,10,4,8,3,6,9,1,5,17,18,11,12,24,21,7,20,16,13,19,15,,20
#46 Original: 12,24,6,5,19,8,3,17,16,20,9,15,11,18,7,13,1,10,25,14,23,22,21,4,2,,18
#47 Original: 4,11,8,5,14,25,23,7,16,9,2,6,24,15,21,1,17,13,10,12,22,19,20,3,18,,23
#48 Original: 14,9,8,5,7,15,23,25,2,20,3,17,21,18,11,22,13,24,16,10,19,4,1,6,12,,24
#49 Original: 6,4,7,23,2,10,25,14,22,11,9,20,18,12,15,17,21,5,1,13,24,8,19,3,16,,23
#50 Original: 13,4,1,20,10,24,19,6,25,5,23,9,3,15,22,12,8,2,18,16,7,21,14,17,11,,23
#51 Original: 8,23,6,1,9,15,7,13,10,3,22,18,19,24,4,25,11,16,2,14,5,17,20,21,12,,21
#52 Original: 1,10,4,12,9,6,23,19,7,20,16,18,25,5,11,3,21,13,17,22,24,15,14,2,8,,20
#53 Original: 20,15,11,23,12,25,8,7,10,21,6,3,4,5,16,22,14,9,1,18,13,24,2,19,17,,21
#54 Original: 18,20,15,4,21,25,19,17,7,13,16,2,24,8,5,1,12,14,3,10,11,6,23,22,9,,23
#55 Original: 13,18,1,6,17,5,22,23,9,20,19,3,25,16,11,7,8,2,4,15,24,12,21,14,10,,23
#56 Original: 19,12,13,7,2,5,17,3,1,9,22,15,21,14,8,18,24,16,6,11,10,25,23,4,20,,21
#57 Original: 14,23,20,15,18,8,12,3,25,6,7,19,4,9,22,21,13,16,24,17,2,5,10,11,1,,21
#58 Original: 1,13,14,7,2,20,23,6,18,5,15,9,11,25,8,16,10,19,12,4,24,17,22,3,21,,21
#59 Original: 24,12,10,1,11,15,3,4,7,8,13,21,14,6,2,20,18,17,9,16,23,19,22,5,25,,20
#60 Original: 9,14,10,19,18,15,21,5,3,20,25,13,23,4,7,12,22,1,16,11,6,24,2,8,17,,21
#61 Original: 6,23,25,21,24,20,17,19,1,7,2,5,16,12,15,11,10,14,9,4,8,18,22,13,3,,24
#62 Original: 25,5,23,20,7,19,8,12,15,10,17,1,16,9,3,14,6,11,24,13,4,21,18,22,2,,23
#63 Original: 23,13,24,16,21,20,18,8,10,25,7,22,2,4,5,12,3,14,15,1,11,19,6,17,9,,21
#64 Original: 24,14,18,19,9,11,7,6,17,8,3,13,5,25,22,4,16,20,12,2,21,1,23,10,15,,21
#65 Original: 13,12,1,23,6,17,20,11,8,4,19,18,22,16,5,9,10,2,14,25,3,21,15,7,24,,18
#66 Original: 23,6,15,16,3,14,2,22,13,9,25,10,20,21,12,5,18,17,24,7,11,4,19,1,8,,21
#67 Original: 7,22,24,9,1,21,8,19,3,12,13,6,11,2,17,10,20,14,23,5,25,15,16,4,18,,21
#68 Original: 21,25,10,14,8,19,17,3,24,18,23,20,2,13,6,15,1,12,9,16,22,4,7,11,5,,24
#69 Original: 6,17,24,20,7,23,25,15,1,22,8,9,14,10,16,21,18,3,11,19,13,12,2,5,4,,21
#70 Original: 5,7,12,4,18,14,25,8,1,22,21,6,9,24,13,23,16,17,2,3,15,11,20,10,19,,22
#71 Original: 11,18,4,16,17,6,20,12,5,22,1,15,2,24,14,8,7,23,10,13,3,19,21,9,25,,19
#72 Original: 25,5,17,23,10,6,11,16,14,19,13,22,8,24,9,21,7,15,12,2,3,4,1,20,18,,20
#73 Original: 23,7,21,4,13,17,3,24,10,22,16,18,9,6,15,14,5,19,8,1,20,25,11,12,2,,19
#74 Original: 16,8,6,4,22,21,13,2,7,5,23,19,9,24,1,3,15,11,17,14,25,10,18,20,12,,22
#75 Original: 2,13,15,10,11,1,24,21,22,7,3,4,14,25,8,12,5,17,23,20,18,16,19,6,9,,20
#76 Original: 25,5,22,15,8,10,20,4,19,18,16,3,17,13,24,1,14,6,21,7,9,2,11,12,23,,21
#77 Original: 17,14,3,10,11,24,13,20,5,22,12,23,1,16,18,4,6,19,2,7,8,21,25,9,15,,22
#78 Original: 18,4,13,24,1,5,14,11,3,9,7,16,21,10,25,20,2,23,8,12,19,6,17,15,22,,22
#79 Original: 17,19,8,2,9,1,22,23,21,3,20,25,14,12,4,7,16,5,6,11,18,13,24,15,10,,20
#80 Original: 24,3,25,16,15,12,5,21,7,8,23,4,20,1,2,10,13,22,17,18,9,14,11,6,19,,19
#81 Original: 3,21,8,16,15,5,1,7,6,17,22,11,9,14,2,19,4,23,10,20,24,18,12,13,25,,22
#82 Original: 15,13,17,20,21,8,12,16,5,10,7,22,25,14,23,2,11,6,19,3,18,9,1,4,24,,22
#83 Original: 16,13,5,8,23,22,7,15,21,14,6,4,24,9,1,12,20,3,25,18,17,10,19,11,2,,22
#84 Original: 3,15,1,12,7,4,25,6,13,2,14,11,17,9,5,23,22,21,8,24,10,19,20,16,18,,19
#85 Original: 22,15,18,21,13,11,23,25,1,3,9,10,6,2,14,5,12,8,17,7,16,19,24,4,20,,20
#86 Original: 15,6,8,16,9,22,2,5,17,7,14,19,12,25,18,3,10,24,13,23,4,11,20,1,21,,20
#87 Original: 13,6,19,2,18,9,1,7,10,22,4,23,24,15,5,8,17,20,16,11,12,21,3,14,25,,20
#88 Original: 23,3,9,11,1,18,16,7,25,13,20,15,22,2,17,4,10,19,8,14,21,5,12,24,6,,22
#89 Original: 14,11,4,3,8,6,21,7,1,18,20,22,15,5,19,2,25,17,13,16,9,10,24,23,12,,21
#90 Original: 19,14,7,24,15,8,9,6,17,3,5,2,10,12,25,1,16,21,22,4,11,18,13,23,20,,22
#91 Original: 5,17,1,15,14,6,2,13,18,22,4,7,19,12,23,3,20,16,10,24,25,9,8,21,11,,19
#92 Original: 18,8,3,12,16,9,15,14,13,19,2,1,21,20,24,4,25,11,7,6,17,5,10,23,22,,20
#93 Original: 18,20,24,16,10,9,7,2,19,15,23,6,3,14,22,4,11,21,12,25,1,8,5,13,17,,21
#94 Original: 20,21,1,7,19,4,13,8,10,22,18,23,17,2,24,9,6,14,12,16,15,3,25,5,11,,22
#95 Original: 19,3,24,15,17,6,22,5,12,11,25,1,10,18,16,9,2,20,4,14,7,23,13,8,21,,22
#96 Original: 8,18,20,7,1,17,16,11,25,3,4,15,9,19,23,5,14,22,2,13,10,24,12,21,6,,20
#97 Original: 11,6,25,13,18,9,19,4,12,7,23,14,8,20,2,15,10,17,16,5,21,1,22,3,24,,22
#98 Original: 5,20,19,11,4,1,21,25,22,2,23,3,13,16,15,24,18,8,7,14,12,9,6,17,10,,22
#99 Original: 12,4,14,10,1,16,20,18,5,7,23,3,13,9,25,2,6,8,21,17,22,15,11,19,24,,22
Mean inversions: 21.21