#0,[18, 3, 5, 20, 11, 22, 4, 21, 10, 16, 2, 23, 6, 9, 13, 12, 15, 14, 1, 17, 19, 25, 7, 24, 8], Inversions: 276
#1,[8, 21, 2, 12, 22, 11, 4, 15, 9, 1, 23, 24, 5, 20, 14, 7, 25, 18, 17, 3, 19, 16, 6, 10, 13], Inversions: 276
#2,[20, 25, 9, 7, 13, 12, 15, 23, 19, 22, 10, 5, 6, 14, 18, 1, 8, 16, 24, 4, 21, 3, 17, 11, 2], Inversions: 276
#3,[7, 3, 16, 6, 17, 9, 14, 13, 22, 11, 1, 21, 10, 19, 25, 4, 5, 20, 2, 15, 8, 23, 24, 12, 18], Inversions: 151
#4,[21, 17, 14, 4, 10, 12, 9, 22, 18, 23, 11, 19, 25, 7, 15, 24, 8, 13, 1, 3, 16, 5, 6, 2, 20], Inversions: 576
#5,[11, 22, 3, 25, 2, 17, 21, 14, 15, 10, 6, 13, 12, 20, 18, 16, 19, 5, 23, 9, 4, 24, 8, 7, 1], Inversions: 151
#6,[19, 16, 2, 4, 10, 6, 5, 22, 13, 17, 1, 15, 18, 3, 23, 24, 7, 9, 11, 21, 25, 12, 14, 20, 8], Inversions: 276
#7,[13, 8, 12, 11, 17, 23, 2, 21, 18, 22, 7, 25, 5, 3, 4, 15, 1, 10, 16, 19, 20, 6, 14, 9, 24], Inversions: 151
#8,[18, 6, 17, 15, 22, 8, 14, 25, 3, 5, 24, 1, 9, 13, 4, 19, 20, 16, 11, 23, 7, 12, 10, 2, 21], Inversions: 576
#9,[7, 5, 12, 20, 18, 17, 13, 11, 1, 19, 3, 21, 16, 24, 8, 9, 23, 4, 14, 6, 15, 22, 2, 25, 10], Inversions: 276
#10,[3, 21, 25, 20, 9, 12, 8, 5, 24, 18, 23, 15, 11, 10, 1, 14, 13, 19, 17, 6, 7, 22, 4, 16, 2], Inversions: 151
#11,[4, 21, 12, 3, 13, 15, 7, 8, 20, 2, 5, 6, 25, 9, 19, 23, 18, 16, 24, 22, 17, 11, 14, 10, 1], Inversions: 276
#12,[4, 11, 25, 3, 6, 21, 7, 16, 9, 2, 24, 19, 8, 23, 17, 22, 18, 15, 20, 12, 5, 14, 13, 10, 1], Inversions: 576
#13,[20, 12, 17, 25, 14, 13, 4, 23, 19, 8, 10, 1, 7, 9, 3, 24, 2, 11, 21, 15, 6, 5, 22, 16, 18], Inversions: 276
#14,[11, 3, 14, 21, 19, 1, 16, 17, 2, 13, 22, 8, 10, 4, 15, 6, 18, 24, 25, 9, 5, 7, 20, 12, 23], Inversions: 276
#15,[5, 7, 18, 17, 24, 22, 11, 15, 13, 21, 1, 19, 10, 6, 23, 12, 8, 2, 25, 9, 16, 3, 14, 20, 4], Inversions: 576
#16,[12, 9, 22, 23, 19, 11, 2, 25, 3, 14, 7, 6, 20, 13, 18, 5, 8, 16, 4, 17, 10, 24, 21, 15, 1], Inversions: 276
#17,[16, 12, 3, 24, 18, 5, 13, 1, 2, 6, 11, 14, 25, 23, 17, 4, 19, 8, 15, 22, 20, 9, 10, 21, 7], Inversions: 276
#18,[19, 10, 2, 4, 22, 14, 18, 17, 23, 16, 5, 15, 20, 21, 25, 8, 13, 3, 24, 11, 6, 7, 1, 12, 9], Inversions: 151
#19,[22, 11, 17, 2, 15, 12, 14, 19, 21, 18, 9, 20, 4, 24, 16, 7, 1, 13, 23, 8, 25, 6, 10, 5, 3], Inversions: 124976.0
#20,[7, 10, 18, 8, 16, 15, 12, 23, 25, 11, 5, 9, 17, 6, 13, 21, 2, 1, 20, 22, 24, 4, 19, 3, 14], Inversions: 276
#21,[5, 6, 12, 17, 21, 2, 13, 24, 7, 3, 25, 16, 9, 18, 1, 23, 14, 15, 20, 4, 8, 19, 11, 10, 22], Inversions: 151
#22,[24, 11, 10, 23, 3, 7, 14, 9, 17, 15, 12, 18, 8, 21, 4, 16, 25, 6, 19, 13, 22, 1, 2, 20, 5], Inversions: 276
#23,[16, 18, 13, 17, 24, 10, 21, 1, 23, 8, 3, 19, 25, 9, 5, 22, 2, 11, 14, 12, 6, 15, 20, 4, 7], Inversions: 124976.0
#24,[25, 9, 22, 17, 24, 18, 19, 8, 20, 3, 13, 11, 1, 23, 21, 12, 16, 2, 10, 14, 5, 7, 15, 4, 6], Inversions: 576
#25,[9, 17, 19, 22, 23, 1, 2, 3, 6, 7, 20, 15, 16, 18, 10, 25, 5, 21, 4, 8, 12, 14, 13, 11, 24], Inversions: 76
#26,[15, 13, 10, 3, 22, 14, 8, 20, 12, 9, 24, 17, 11, 2, 5, 4, 21, 1, 16, 18, 19, 7, 23, 25, 6], Inversions: 276
#27,[1, 24, 25, 6, 5, 8, 21, 23, 2, 3, 12, 18, 9, 7, 13, 19, 4, 20, 16, 14, 17, 15, 10, 22, 11], Inversions: 151
#28,[18, 4, 7, 25, 14, 21, 22, 3, 23, 8, 19, 16, 13, 6, 15, 11, 2, 24, 12, 5, 20, 9, 1, 17, 10], Inversions: 576
#29,[14, 18, 11, 6, 19, 20, 3, 13, 4, 8, 24, 2, 7, 17, 21, 10, 1, 22, 9, 16, 5, 23, 15, 12, 25], Inversions: 576
#30,[9, 15, 8, 16, 2, 22, 1, 11, 17, 19, 18, 25, 21, 20, 24, 12, 14, 23, 6, 3, 13, 5, 7, 10, 4], Inversions: 276
#31,[14, 10, 1, 13, 17, 21, 4, 3, 25, 18, 6, 7, 23, 5, 15, 22, 8, 2, 12, 20, 11, 9, 24, 19, 16], Inversions: 276
#32,[20, 21, 22, 2, 14, 24, 13, 5, 18, 12, 25, 10, 8, 3, 7, 1, 23, 4, 6, 15, 17, 9, 11, 16, 19], Inversions: 376
#33,[2, 8, 7, 14, 16, 3, 1, 13, 23, 11, 10, 22, 20, 19, 15, 4, 17, 24, 6, 21, 9, 25, 5, 12, 18], Inversions: 151
#34,[7, 15, 14, 3, 21, 18, 4, 20, 13, 8, 12, 25, 9, 6, 1, 16, 17, 23, 22, 10, 24, 19, 11, 2, 5], Inversions: 151
#35,[8, 23, 19, 25, 11, 1, 6, 13, 24, 4, 5, 17, 12, 7, 22, 3, 15, 20, 10, 16, 2, 9, 14, 18, 21], Inversions: 576
#36,[14, 15, 25, 20, 24, 13, 22, 17, 10, 16, 2, 11, 3, 21, 7, 23, 5, 4, 12, 9, 8, 19, 1, 18, 6], Inversions: 151
#37,[10, 20, 4, 16, 22, 25, 8, 18, 15, 1, 7, 19, 3, 11, 23, 14, 12, 6, 5, 9, 17, 21, 2, 24, 13], Inversions: 576
#38,[7, 21, 20, 13, 3, 1, 23, 22, 25, 12, 6, 14, 18, 16, 5, 8, 15, 4, 19, 9, 24, 10, 2, 17, 11], Inversions: 276
#39,[23, 16, 4, 18, 5, 6, 15, 1, 20, 17, 24, 25, 21, 3, 9, 13, 22, 11, 19, 2, 12, 14, 7, 8, 10], Inversions: 151
#40,[14, 19, 5, 20, 24, 1, 21, 8, 15, 18, 11, 3, 13, 23, 12, 7, 17, 6, 25, 16, 22, 2, 9, 10, 4], Inversions: 576
#41,[2, 18, 24, 9, 22, 3, 8, 11, 14, 12, 15, 4, 21, 17, 6, 16, 10, 1, 20, 25, 5, 19, 23, 13, 7], Inversions: 124976.0
#42,[3, 4, 16, 20, 11, 5, 1, 6, 8, 10, 18, 19, 7, 17, 14, 13, 22, 23, 12, 25, 2, 9, 21, 24, 15], Inversions: 101
#43,[3, 18, 9, 12, 25, 19, 7, 11, 16, 8, 13, 22, 10, 15, 1, 17, 21, 4, 14, 5, 23, 2, 20, 24, 6], Inversions: 124976.0
#44,[9, 10, 16, 3, 17, 14, 23, 2, 21, 24, 25, 4, 15, 22, 8, 13, 1, 6, 5, 20, 19, 12, 11, 18, 7], Inversions: 76
#45,[12, 21, 1, 18, 4, 7, 14, 13, 17, 10, 16, 5, 24, 6, 20, 11, 8, 2, 23, 19, 3, 15, 9, 25, 22], Inversions: 576
#46,[11, 9, 1, 12, 24, 13, 14, 22, 8, 20, 23, 18, 21, 2, 5, 7, 4, 16, 15, 17, 25, 10, 19, 3, 6], Inversions: 276
#47,[22, 13, 7, 15, 20, 17, 3, 24, 6, 14, 8, 19, 21, 5, 23, 25, 9, 4, 16, 2, 18, 11, 1, 10, 12], Inversions: 124976.0
#48,[9, 15, 2, 25, 19, 18, 10, 7, 1, 14, 21, 24, 12, 5, 22, 11, 3, 23, 16, 13, 4, 20, 8, 6, 17], Inversions: 576
#49,[23, 6, 13, 8, 3, 17, 19, 7, 16, 1, 12, 18, 25, 5, 4, 21, 14, 11, 2, 24, 22, 15, 20, 9, 10], Inversions: 276
#50,[18, 2, 17, 6, 16, 7, 4, 1, 8, 21, 19, 5, 12, 3, 24, 10, 22, 9, 25, 14, 15, 11, 20, 13, 23], Inversions: 576
#51,[8, 14, 2, 16, 6, 5, 11, 25, 13, 18, 12, 22, 20, 23, 10, 4, 15, 21, 3, 1, 19, 17, 24, 9, 7], Inversions: 576
#52,[18, 21, 20, 9, 19, 1, 24, 7, 14, 8, 25, 2, 3, 4, 12, 17, 11, 15, 6, 5, 10, 13, 22, 23, 16], Inversions: 101
#53,[20, 5, 10, 25, 15, 16, 1, 21, 7, 12, 14, 24, 8, 2, 3, 19, 4, 18, 23, 6, 22, 11, 17, 13, 9], Inversions: 276
#54,[14, 19, 25, 4, 22, 1, 12, 6, 8, 3, 16, 18, 10, 13, 23, 21, 20, 11, 7, 2, 24, 5, 17, 15, 9], Inversions: 576
#55,[16, 24, 23, 25, 1, 19, 12, 14, 6, 20, 11, 5, 17, 7, 22, 15, 4, 10, 21, 9, 13, 8, 2, 3, 18], Inversions: 276
#56,[21, 3, 5, 23, 8, 11, 24, 14, 6, 15, 10, 4, 9, 16, 13, 1, 12, 22, 18, 20, 17, 2, 25, 19, 7], Inversions: 124976.0
#57,[8, 22, 24, 10, 6, 20, 1, 7, 4, 17, 21, 12, 5, 9, 15, 19, 11, 3, 13, 2, 14, 23, 18, 25, 16], Inversions: 124976.0
#58,[19, 21, 15, 8, 7, 13, 2, 23, 20, 5, 25, 10, 9, 11, 1, 24, 3, 12, 18, 22, 17, 14, 16, 6, 4], Inversions: 276
#59,[2, 10, 9, 14, 16, 6, 13, 21, 19, 18, 5, 11, 1, 4, 20, 25, 24, 22, 12, 15, 23, 7, 3, 17, 8], Inversions: 151
#60,[19, 4, 1, 14, 23, 6, 5, 12, 3, 16, 9, 11, 10, 22, 8, 7, 25, 13, 21, 17, 24, 20, 18, 15, 2], Inversions: 151
#61,[1, 21, 7, 8, 17, 13, 4, 6, 12, 20, 11, 24, 5, 9, 16, 22, 19, 3, 15, 25, 2, 18, 23, 14, 10], Inversions: 576
#62,[24, 7, 14, 17, 12, 9, 22, 5, 15, 18, 8, 16, 6, 2, 4, 25, 11, 23, 3, 1, 20, 13, 19, 21, 10], Inversions: 124976.0
#63,[20, 16, 23, 10, 4, 9, 14, 3, 6, 8, 13, 7, 24, 12, 21, 1, 19, 25, 11, 17, 2, 5, 18, 15, 22], Inversions: 124976.0
#64,[12, 16, 13, 24, 20, 21, 7, 5, 25, 1, 9, 18, 22, 17, 10, 2, 15, 14, 6, 19, 4, 3, 8, 23, 11], Inversions: 151
#65,[14, 23, 25, 19, 24, 2, 9, 12, 8, 13, 6, 7, 15, 22, 11, 17, 10, 3, 18, 21, 16, 1, 20, 4, 5], Inversions: 276
#66,[22, 14, 8, 23, 9, 3, 2, 5, 20, 25, 1, 17, 7, 4, 19, 18, 12, 21, 24, 6, 13, 16, 11, 10, 15], Inversions: 151
#67,[17, 6, 7, 22, 9, 10, 15, 4, 13, 12, 20, 2, 11, 25, 19, 3, 21, 24, 8, 18, 1, 23, 14, 16, 5], Inversions: 151
#68,[19, 25, 20, 9, 2, 21, 6, 4, 18, 24, 1, 3, 22, 7, 23, 14, 5, 8, 11, 17, 13, 12, 16, 10, 15], Inversions: 576
#69,[3, 9, 10, 11, 5, 13, 18, 25, 4, 12, 22, 7, 15, 6, 16, 21, 23, 20, 2, 19, 14, 8, 24, 17, 1], Inversions: 376
#70,[22, 13, 24, 21, 15, 23, 20, 3, 9, 12, 8, 5, 10, 17, 25, 11, 2, 14, 6, 4, 19, 7, 16, 1, 18], Inversions: 124976.0
#71,[8, 25, 13, 1, 6, 17, 21, 14, 23, 3, 11, 22, 2, 12, 15, 16, 20, 9, 7, 4, 10, 24, 19, 18, 5], Inversions: 276
#72,[14, 8, 3, 22, 24, 9, 23, 12, 13, 4, 20, 1, 6, 19, 25, 11, 18, 16, 7, 15, 10, 21, 2, 5, 17], Inversions: 576
#73,[18, 19, 10, 12, 17, 20, 11, 6, 24, 1, 4, 23, 7, 5, 9, 22, 13, 16, 3, 21, 2, 14, 15, 8, 25], Inversions: 276
#74,[16, 9, 10, 6, 1, 21, 23, 5, 15, 12, 3, 24, 2, 25, 18, 19, 11, 20, 14, 17, 4, 22, 8, 7, 13], Inversions: 151
#75,[19, 2, 9, 25, 14, 17, 3, 8, 6, 1, 11, 22, 12, 16, 4, 7, 15, 13, 21, 23, 24, 10, 18, 20, 5], Inversions: 576
#76,[20, 19, 21, 25, 14, 23, 3, 7, 9, 16, 10, 12, 18, 13, 1, 5, 8, 2, 15, 11, 6, 22, 24, 17, 4], Inversions: 576
#77,[5, 9, 24, 21, 4, 6, 7, 8, 13, 12, 2, 22, 20, 25, 1, 19, 14, 3, 23, 16, 10, 17, 15, 18, 11], Inversions: 201
#78,[1, 7, 15, 21, 16, 2, 25, 9, 22, 24, 4, 5, 13, 14, 3, 18, 11, 6, 12, 19, 23, 17, 20, 10, 8], Inversions: 276
#79,[14, 3, 5, 13, 7, 4, 8, 2, 18, 19, 25, 17, 20, 10, 24, 21, 9, 11, 1, 23, 15, 16, 12, 6, 22], Inversions: 276
#80,[15, 5, 17, 22, 10, 21, 13, 3, 9, 4, 18, 20, 8, 14, 24, 12, 6, 2, 1, 23, 11, 25, 16, 7, 19], Inversions: 576
#81,[23, 18, 4, 17, 21, 15, 6, 19, 7, 14, 12, 25, 2, 24, 9, 11, 1, 20, 10, 16, 13, 5, 3, 8, 22], Inversions: 124976.0
#82,[11, 19, 24, 13, 23, 12, 4, 20, 16, 1, 17, 2, 3, 18, 6, 14, 25, 15, 7, 8, 9, 10, 21, 5, 22], Inversions: 151
#83,[9, 7, 19, 11, 15, 25, 22, 18, 13, 6, 21, 5, 12, 3, 10, 17, 16, 2, 4, 20, 23, 1, 14, 8, 24], Inversions: 576
#84,[2, 24, 19, 4, 5, 8, 10, 21, 25, 18, 7, 1, 9, 17, 11, 13, 22, 6, 16, 12, 3, 20, 23, 14, 15], Inversions: 276
#85,[9, 22, 8, 13, 2, 11, 10, 17, 19, 7, 4, 24, 1, 3, 25, 21, 14, 20, 16, 12, 6, 15, 18, 5, 23], Inversions: 576
#86,[18, 16, 7, 20, 2, 24, 15, 10, 12, 19, 1, 11, 23, 5, 14, 17, 25, 22, 9, 3, 8, 21, 4, 6, 13], Inversions: 124976.0
#87,[6, 8, 9, 12, 3, 1, 25, 7, 14, 10, 5, 23, 20, 19, 4, 11, 15, 22, 2, 24, 18, 17, 16, 21, 13], Inversions: 126
#88,[3, 15, 21, 4, 12, 20, 11, 8, 19, 18, 13, 9, 6, 7, 10, 2, 17, 23, 22, 25, 14, 16, 5, 24, 1], Inversions: 151
#89,[6, 25, 9, 22, 17, 4, 14, 2, 13, 1, 18, 21, 23, 20, 19, 24, 5, 8, 10, 15, 16, 12, 7, 3, 11], Inversions: 276
#90,[18, 8, 2, 21, 10, 4, 11, 7, 16, 14, 6, 17, 15, 20, 13, 1, 5, 12, 19, 22, 9, 3, 25, 24, 23], Inversions: 376
#91,[7, 12, 1, 24, 10, 19, 17, 22, 4, 16, 11, 21, 6, 18, 15, 14, 9, 20, 3, 25, 8, 23, 13, 2, 5], Inversions: 576
#92,[1, 17, 5, 2, 18, 15, 7, 9, 11, 21, 10, 23, 4, 6, 24, 20, 19, 22, 14, 25, 3, 8, 16, 13, 12], Inversions: 276
#93,[19, 15, 7, 12, 5, 16, 23, 8, 25, 13, 6, 21, 1, 4, 14, 24, 20, 17, 3, 18, 2, 9, 10, 11, 22], Inversions: 376
#94,[1, 14, 21, 15, 10, 3, 22, 11, 18, 4, 24, 19, 23, 17, 8, 7, 25, 13, 2, 20, 6, 9, 12, 5, 16], Inversions: 576
#95,[24, 1, 5, 21, 3, 16, 19, 11, 2, 6, 10, 8, 18, 12, 7, 25, 22, 17, 23, 4, 15, 13, 14, 9, 20], Inversions: 576
#96,[3, 21, 16, 20, 7, 18, 10, 9, 11, 19, 25, 13, 22, 8, 5, 6, 1, 12, 14, 2, 24, 23, 4, 17, 15], Inversions: 151
#97,[10, 23, 1, 25, 21, 8, 15, 12, 17, 6, 18, 16, 22, 11, 7, 20, 2, 14, 3, 19, 5, 13, 4, 24, 9], Inversions: 124976.0
#98,[12, 5, 11, 13, 3, 4, 6, 22, 25, 21, 18, 2, 15, 9, 20, 17, 10, 1, 23, 19, 7, 24, 8, 14, 16], Inversions: 576
#99,[11, 14, 20, 3, 17, 21, 12, 9, 18, 25, 10, 8, 5, 22, 1, 19, 2, 15, 23, 7, 13, 6, 24, 4, 16], Inversions: 124976.0

Score: 17784.25
#100,[1, 2, 3, 4, 5, 6, 7, 8, 9, 10, 11, 12, 13, 14, 15, 16, 17, 18, 19, 20, 21, 22, 23, 24, 25], Inversions: 0.01
