[9, 23, 8, 4, 19, 3, 11, 6, 1, 2, 20, 12, 7, 18, 15, 17, 22, 13, 24, 14, 21, 5, 25, 16, 10]
[8, 22, 14, 2, 16, 11, 9, 24, 20, 17, 5, 4, 21, 15, 7, 25, 6, 12, 13, 18, 23, 1, 19, 3, 10]
[2, 9, 8, 17, 20, 15, 5, 23, 14, 1, 10, 24, 13, 7, 21, 11, 22, 6, 18, 19, 25, 3, 16, 12, 4]
[10, 5, 20, 19, 3, 15, 18, 2, 13, 25, 9, 1, 23, 24, 12, 6, 7, 16, 4, 17, 11, 22, 14, 21, 8]
[12, 19, 25, 18, 13, 24, 8, 11, 23, 9, 2, 17, 10, 20, 7, 21, 6, 3, 16, 22, 14, 5, 4, 15, 1]
[6, 3, 16, 18, 25, 21, 13, 19, 4, 24, 8, 22, 5, 9, 20, 1, 10, 12, 23, 17, 2, 14, 7, 11, 15]
[21, 12, 16, 6, 8, 24, 19, 13, 3, 5, 9, 15, 22, 11, 23, 2, 10, 14, 1, 20, 18, 4, 17, 25, 7]
[17, 14, 12, 21, 7, 1, 4, 6, 9, 18, 15, 24, 22, 10, 20, 2, 23, 5, 8, 16, 25, 3, 19, 11, 13]
[15, 11, 25, 12, 5, 13, 17, 2, 9, 16, 1, 14, 18, 4, 10, 19, 21, 6, 22, 23, 3, 8, 24, 7, 20]
[7, 20, 2, 8, 23, 21, 10, 12, 15, 11, 3, 19, 6, 1, 22, 18, 17, 4, 25, 5, 14, 13, 9, 24, 16]
[17, 14, 10, 6, 9, 23, 2, 13, 22, 15, 4, 21, 18, 12, 11, 25, 8, 19, 24, 20, 5, 3, 16, 7, 1]
[24, 11, 21, 19, 1, 16, 13, 2, 4, 8, 3, 7, 10, 18, 20, 23, 6, 15, 5, 25, 12, 9, 17, 22, 14]
[7, 25, 24, 21, 16, 10, 1, 14, 19, 12, 4, 15, 18, 17, 9, 8, 13, 22, 11, 6, 23, 3, 20, 2, 5]
[2, 12, 25, 18, 17, 11, 3, 24, 23, 8, 5, 19, 6, 15, 10, 13, 20, 9, 7, 22, 21, 16, 4, 1, 14]
[15, 2, 18, 14, 21, 9, 17, 10, 1, 7, 22, 25, 23, 13, 4, 19, 16, 3, 24, 12, 5, 11, 8, 6, 20]
[11, 6, 13, 18, 14, 17, 25, 4, 5, 23, 24, 2, 7, 16, 21, 19, 10, 20, 3, 8, 1, 9, 15, 22, 12]
[10, 19, 24, 16, 13, 20, 9, 22, 6, 5, 12, 3, 23, 2, 14, 4, 8, 15, 25, 21, 7, 17, 11, 18, 1]
[3, 22, 6, 13, 18, 20, 19, 17, 15, 25, 14, 9, 12, 1, 7, 8, 4, 5, 2, 16, 21, 11, 23, 24, 10]
[9, 22, 13, 4, 24, 25, 15, 11, 7, 19, 3, 16, 12, 23, 17, 5, 21, 10, 2, 14, 1, 18, 8, 20, 6]
[4, 22, 3, 21, 23, 17, 10, 12, 18, 7, 15, 8, 24, 11, 5, 2, 14, 9, 25, 19, 20, 6, 13, 16, 1]
[21, 15, 10, 2, 12, 23, 6, 18, 14, 4, 16, 13, 24, 8, 3, 19, 17, 1, 9, 20, 22, 5, 25, 11, 7]
[15, 20, 12, 25, 5, 18, 8, 14, 7, 11, 9, 21, 3, 6, 4, 24, 22, 17, 13, 1, 10, 16, 23, 19, 2]
[25, 7, 4, 9, 6, 10, 13, 19, 11, 22, 15, 1, 21, 24, 14, 17, 2, 20, 23, 12, 18, 8, 5, 3, 16]
[18, 16, 19, 6, 23, 3, 21, 17, 10, 15, 8, 7, 9, 25, 11, 14, 5, 1, 22, 24, 12, 13, 4, 20, 2]
[9, 6, 15, 12, 25, 23, 22, 19, 13, 21, 3, 11, 10, 1, 4, 2, 8, 18, 17, 16, 5, 24, 7, 20, 14]
[15, 22, 7, 23, 10, 1, 25, 3, 20, 14, 17, 16, 21, 4, 19, 6, 13, 9, 24, 18, 11, 8, 2, 5, 12]
[21, 9, 19, 13, 12, 17, 18, 22, 8, 7, 24, 6, 2, 14, 15, 16, 5, 20, 11, 10, 23, 3, 25, 1, 4]
[25, 20, 23, 2, 8, 6, 10, 13, 19, 11, 16, 24, 5, 3, 1, 4, 21, 12, 17, 9, 15, 18, 22, 14, 7]
[16, 9, 14, 1, 19, 6, 21, 13, 4, 22, 2, 11, 10, 18, 7, 23, 15, 25, 17, 24, 20, 5, 8, 3, 12]
[10, 18, 16, 11, 9, 23, 21, 14, 7, 25, 20, 1, 13, 5, 4, 6, 22, 3, 2, 8, 17, 12, 15, 19, 24]
[7, 21, 2, 22, 17, 10, 20, 24, 13, 9, 11, 19, 23, 1, 18, 15, 12, 5, 4, 8, 16, 6, 25, 14, 3]
[23, 19, 22, 17, 2, 12, 24, 20, 5, 15, 4, 18, 9, 1, 11, 7, 6, 13, 8, 3, 21, 14, 16, 10, 25]
[7, 16, 1, 5, 4, 25, 15, 14, 24, 22, 19, 17, 20, 6, 11, 9, 2, 8, 23, 21, 12, 18, 13, 3, 10]
[17, 6, 24, 7, 8, 13, 11, 1, 4, 2, 25, 12, 16, 20, 21, 22, 9, 10, 14, 5, 23, 18, 19, 15, 3]
[7, 2, 3, 22, 24, 10, 4, 20, 5, 1, 21, 6, 13, 19, 18, 15, 9, 14, 17, 12, 25, 8, 11, 23, 16]
[16, 6, 8, 13, 3, 11, 23, 4, 17, 18, 20, 10, 5, 7, 14, 19, 2, 9, 22, 1, 24, 25, 15, 12, 21]
[11, 21, 4, 19, 12, 25, 6, 10, 16, 14, 18, 20, 24, 5, 17, 15, 9, 3, 13, 2, 23, 22, 8, 1, 7]
[24, 5, 22, 3, 10, 2, 11, 14, 7, 18, 23, 21, 16, 15, 25, 12, 8, 9, 19, 20, 1, 4, 6, 13, 17]
[7, 9, 3, 25, 21, 6, 13, 16, 2, 12, 15, 8, 14, 19, 22, 11, 23, 17, 18, 4, 20, 1, 10, 5, 24]
[22, 14, 13, 23, 1, 25, 11, 16, 20, 8, 5, 2, 15, 7, 9, 10, 4, 3, 24, 21, 6, 19, 18, 12, 17]
[8, 7, 17, 14, 23, 1, 12, 10, 6, 4, 2, 13, 22, 21, 24, 18, 5, 16, 3, 11, 9, 25, 19, 20, 15]
[11, 12, 9, 3, 7, 1, 17, 4, 15, 5, 19, 8, 2, 22, 18, 25, 13, 10, 24, 21, 20, 6, 14, 16, 23]
[2, 11, 3, 14, 22, 18, 21, 16, 23, 25, 19, 17, 8, 9, 5, 10, 20, 15, 7, 12, 13, 6, 4, 24, 1]
[22, 17, 13, 9, 23, 18, 8, 4, 7, 1, 21, 6, 12, 16, 3, 2, 19, 15, 14, 25, 24, 11, 5, 10, 20]
[24, 25, 18, 8, 14, 15, 2, 21, 5, 4, 23, 10, 20, 9, 12, 16, 22, 11, 19, 13, 1, 7, 6, 3, 17]
[1, 4, 15, 12, 20, 3, 25, 7, 13, 24, 2, 17, 16, 23, 22, 19, 18, 11, 8, 10, 14, 9, 6, 5, 21]
[13, 15, 11, 16, 18, 22, 7, 10, 4, 3, 6, 25, 12, 5, 1, 8, 20, 23, 17, 21, 24, 2, 14, 9, 19]
[21, 5, 25, 17, 24, 20, 6, 16, 23, 7, 9, 12, 19, 4, 14, 8, 3, 10, 22, 1, 15, 11, 2, 18, 13]
[25, 5, 16, 12, 17, 15, 14, 20, 24, 2, 21, 1, 23, 18, 10, 13, 11, 7, 22, 19, 4, 9, 3, 6, 8]
[11, 25, 1, 14, 7, 5, 19, 22, 8, 21, 17, 23, 9, 6, 20, 12, 10, 13, 18, 2, 15, 16, 3, 4, 24]
[12, 21, 17, 9, 8, 13, 25, 22, 19, 10, 11, 4, 2, 1, 7, 15, 6, 5, 20, 14, 23, 24, 18, 3, 16]
[13, 1, 19, 4, 3, 20, 11, 12, 9, 14, 6, 17, 8, 10, 22, 25, 16, 2, 24, 21, 15, 7, 5, 23, 18]
[8, 14, 24, 22, 1, 10, 7, 23, 19, 2, 16, 13, 11, 3, 18, 25, 5, 21, 20, 4, 6, 9, 12, 17, 15]
[21, 20, 19, 6, 4, 12, 1, 23, 10, 2, 18, 24, 7, 17, 14, 5, 16, 11, 3, 25, 22, 8, 15, 13, 9]
[3, 20, 21, 24, 11, 10, 5, 19, 25, 22, 18, 2, 7, 16, 4, 15, 9, 8, 23, 1, 17, 13, 12, 14, 6]
[3, 4, 10, 25, 16, 24, 1, 23, 8, 21, 20, 22, 9, 7, 14, 18, 11, 6, 19, 2, 13, 17, 5, 12, 15]
[14, 7, 3, 5, 10, 22, 16, 25, 24, 13, 2, 8, 11, 18, 6, 12, 15, 9, 19, 23, 20, 21, 4, 17, 1]
[1, 14, 2, 3, 9, 24, 16, 17, 5, 12, 11, 13, 19, 15, 21, 7, 18, 8, 25, 4, 22, 6, 23, 20, 10]
[24, 1, 10, 8, 25, 7, 22, 17, 5, 18, 13, 2, 14, 3, 23, 16, 12, 19, 4, 20, 11, 21, 6, 15, 9]
[25, 8, 24, 12, 9, 20, 4, 13, 10, 23, 2, 11, 19, 21, 16, 14, 7, 22, 3, 15, 5, 1, 18, 6, 17]
[5, 25, 3, 20, 6, 7, 18, 8, 22, 12, 21, 23, 10, 16, 24, 15, 14, 9, 2, 17, 11, 19, 1, 4, 13]
[21, 15, 18, 9, 16, 1, 23, 25, 4, 17, 6, 2, 22, 5, 11, 19, 7, 8, 24, 13, 12, 14, 3, 10, 20]
[19, 9, 4, 17, 2, 18, 3, 16, 8, 25, 7, 22, 13, 24, 11, 23, 15, 14, 20, 12, 1, 5, 10, 6, 21]
[22, 6, 14, 12, 13, 10, 25, 4, 23, 17, 18, 16, 9, 7, 20, 11, 2, 1, 24, 3, 5, 8, 15, 21, 19]
[24, 8, 18, 19, 14, 15, 9, 2, 13, 20, 3, 22, 23, 12, 25, 17, 10, 1, 7, 16, 6, 21, 5, 11, 4]
[19, 15, 14, 4, 5, 7, 23, 11, 13, 3, 17, 21, 20, 12, 25, 10, 8, 6, 1, 18, 9, 24, 2, 22, 16]
[3, 24, 21, 19, 25, 11, 16, 13, 22, 18, 5, 1, 7, 10, 20, 9, 15, 12, 17, 6, 14, 8, 2, 23, 4]
[8, 22, 9, 2, 7, 5, 3, 1, 19, 21, 20, 16, 24, 11, 17, 6, 10, 4, 18, 14, 12, 15, 25, 23, 13]
[6, 25, 18, 9, 13, 15, 22, 21, 3, 7, 5, 16, 8, 14, 10, 1, 4, 24, 2, 11, 20, 23, 12, 17, 19]
[13, 4, 24, 11, 16, 21, 18, 14, 3, 12, 17, 5, 25, 19, 6, 9, 22, 8, 2, 10, 23, 1, 15, 7, 20]
[8, 25, 11, 19, 14, 18, 15, 20, 23, 13, 7, 12, 1, 21, 17, 22, 5, 16, 24, 10, 3, 6, 9, 4, 2]
[7, 4, 21, 23, 9, 11, 8, 24, 14, 18, 12, 2, 17, 25, 19, 10, 15, 3, 5, 22, 1, 16, 6, 13, 20]
[13, 7, 18, 15, 11, 21, 23, 22, 14, 8, 19, 25, 10, 24, 17, 9, 1, 6, 3, 4, 5, 16, 20, 2, 12]
[17, 14, 7, 21, 11, 15, 6, 19, 22, 8, 16, 10, 4, 5, 25, 18, 2, 12, 9, 20, 3, 24, 13, 1, 23]
[19, 9, 16, 8, 24, 17, 21, 15, 5, 22, 20, 11, 6, 2, 12, 4, 18, 13, 14, 7, 25, 3, 10, 1, 23]
[12, 19, 4, 7, 8, 11, 23, 1, 20, 3, 14, 13, 16, 17, 6, 22, 25, 2, 21, 15, 24, 18, 9, 5, 10]
[4, 3, 12, 2, 19, 8, 10, 16, 17, 20, 5, 6, 7, 24, 23, 14, 18, 15, 21, 25, 11, 13, 22, 1, 9]
[6, 17, 1, 4, 3, 20, 10, 8, 9, 18, 21, 23, 19, 12, 11, 2, 5, 22, 14, 16, 7, 15, 24, 25, 13]
[2, 3, 22, 8, 12, 24, 15, 20, 1, 23, 4, 9, 14, 25, 6, 18, 10, 17, 16, 21, 5, 19, 11, 7, 13]
[16, 10, 20, 9, 8, 24, 4, 5, 18, 7, 21, 3, 13, 23, 17, 22, 6, 2, 11, 12, 14, 15, 25, 1, 19]
[17, 12, 22, 1, 23, 24, 19, 25, 10, 4, 11, 21, 2, 8, 6, 9, 5, 15, 14, 7, 13, 3, 18, 16, 20]
[3, 14, 12, 8, 5, 19, 23, 6, 21, 15, 16, 22, 2, 20, 9, 18, 17, 4, 7, 24, 10, 13, 1, 25, 11]
[17, 20, 1, 16, 14, 18, 7, 9, 2, 8, 22, 6, 13, 23, 11, 5, 15, 24, 21, 12, 19, 3, 10, 25, 4]
[7, 10, 21, 9, 17, 2, 19, 11, 25, 12, 1, 8, 22, 24, 18, 6, 15, 14, 3, 23, 13, 5, 16, 20, 4]
[11, 12, 4, 18, 9, 5, 19, 3, 17, 16, 20, 23, 1, 13, 24, 21, 2, 8, 10, 6, 15, 25, 14, 22, 7]
[11, 23, 6, 2, 13, 8, 21, 10, 1, 25, 15, 20, 18, 12, 22, 9, 7, 24, 4, 3, 17, 5, 14, 16, 19]
[1, 22, 15, 25, 16, 17, 5, 6, 23, 19, 18, 7, 13, 12, 9, 20, 14, 3, 2, 24, 21, 8, 11, 4, 10]
[24, 6, 22, 3, 9, 17, 5, 20, 18, 23, 1, 16, 2, 10, 25, 15, 21, 13, 8, 4, 14, 19, 11, 12, 7]
[12, 10, 11, 22, 6, 8, 14, 9, 18, 24, 1, 13, 19, 5, 3, 15, 2, 7, 4, 21, 16, 23, 25, 20, 17]
[19, 18, 11, 14, 20, 13, 8, 9, 16, 25, 21, 23, 10, 15, 12, 7, 22, 17, 24, 4, 2, 1, 6, 5, 3]
[8, 12, 2, 23, 25, 13, 6, 7, 11, 21, 18, 5, 1, 16, 4, 19, 17, 20, 15, 24, 3, 22, 14, 9, 10]
[5, 1, 4, 16, 18, 17, 3, 10, 19, 23, 9, 24, 13, 25, 12, 15, 7, 14, 21, 11, 8, 2, 6, 22, 20]
[6, 21, 14, 3, 15, 2, 12, 19, 7, 8, 23, 11, 24, 18, 9, 22, 17, 5, 25, 20, 16, 13, 1, 4, 10]
[2, 15, 21, 11, 19, 23, 7, 22, 1, 16, 6, 12, 17, 5, 4, 3, 9, 18, 25, 20, 10, 24, 13, 8, 14]
[11, 4, 7, 5, 9, 19, 8, 18, 14, 13, 22, 23, 16, 15, 6, 12, 10, 21, 3, 24, 17, 2, 1, 20, 25]
[22, 24, 10, 11, 7, 21, 17, 19, 3, 20, 23, 6, 25, 16, 18, 12, 1, 13, 15, 14, 8, 9, 4, 5, 2]
[17, 7, 19, 1, 3, 21, 4, 24, 2, 13, 20, 14, 22, 18, 11, 10, 25, 15, 5, 23, 8, 9, 6, 16, 12]
[23, 17, 9, 19, 21, 7, 11, 6, 14, 22, 2, 18, 24, 5, 12, 3, 25, 8, 4, 13, 10, 1, 16, 20, 15]
[17, 10, 1, 8, 14, 23, 9, 19, 4, 13, 24, 3, 20, 11, 2, 22, 5, 7, 16, 15, 6, 18, 21, 12, 25]
[1, 19, 24, 14, 23, 2, 8, 20, 16, 15, 5, 12, 17, 9, 22, 6, 11, 10, 3, 7, 21, 25, 18, 13, 4]
